10,10
10,9.6
9.992,9.224
9.97664,8.8704
9.95452,8.53771
9.92618,8.22454
9.89215,7.92959
9.8529,7.65166
9.80887,7.38961
9.76049,7.14241
9.70812,6.90908
9.65214,6.6887
9.59287,6.48042
9.53062,6.28345
9.46568,6.09706
9.39831,5.92055
9.32875,5.75328
9.25724,5.59466
9.18399,5.44412
9.1092,5.30116
9.03303,5.16527
8.95568,5.03601
8.87729,4.91297
8.798,4.79574
8.71795,4.68395
8.63727,4.57727
8.55607,4.47538
8.47446,4.37798
8.39253,4.28479
8.31038,4.19555
8.22808,4.11003
8.14572,4.02799
8.06336,3.94922
7.98108,3.87354
7.89893,3.80075
7.81697,3.73068
7.73524,3.66318
7.6538,3.59809
7.57269,3.53528
7.49194,3.47462
7.41159,3.41598
7.33168,3.35925
7.25223,3.30433
7.17327,3.25112
7.09483,3.19952
7.01692,3.14944
6.93957,3.10081
6.8628,3.05356
6.78661,3.0076
6.71103,2.96288
6.63607,2.91932
6.56173,2.87689
6.48804,2.83551
6.41499,2.79514
6.34259,2.75573
6.27085,2.71724
6.19978,2.67962
6.12938,2.64284
6.05965,2.60686
5.99059,2.57164
5.92221,2.53715
5.85451,2.50337
5.78749,2.47025
5.72114,2.43779
5.65548,2.40594
5.59049,2.3747
5.52617,2.34402
5.46253,2.31391
5.39955,2.28432
5.33725,2.25525
5.27561,2.22668
5.21463,2.1986
5.15431,2.17097
5.09464,2.1438
5.03563,2.11707
4.97726,2.09075
4.91953,2.06485
4.86243,2.03935
4.80597,2.01424
4.75014,1.98951
4.69492,1.96514
4.64033,1.94113
4.58634,1.91747
4.53297,1.89415
4.48019,1.87116
4.42801,1.84849
4.37642,1.82614
4.32541,1.8041
4.27499,1.78236
4.22513,1.76092
4.17585,1.73977
4.12713,1.7189
4.07896,1.69831
4.03135,1.67799
3.98428,1.65794
3.93776,1.63815
3.89176,1.61861
3.8463,1.59933
3.80136,1.5803
3.75694,1.56151
3.71303,1.54296
3.66963,1.52464
3.62673,1.50655
3.58433,1.48869
3.54241,1.47106
3.50099,1.45364
3.46004,1.43644
3.41957,1.41946
3.37957,1.40268
3.34003,1.38611
3.30095,1.36975
3.26233,1.35358
3.22415,1.33761
3.18642,1.32184
3.14913,1.30626
3.11227,1.29086
3.07584,1.27566
3.03984,1.26064
3.00426,1.24579
2.96909,1.23113
2.93433,1.21665
2.89997,1.20233
2.86602,1.18819
2.83246,1.17422
2.7993,1.16042
2.76652,1.14678
2.73413,1.1333
2.70211,1.11999
2.67047,1.10683
2.6392,1.09383
2.60829,1.08098
2.57774,1.06829
2.54755,1.05575
2.51772,1.04335
2.48823,1.03111
2.45909,1.019
2.43029,1.00705
2.40182,0.995229
2.37369,0.983552
2.34589,0.972013
2.31841,0.96061
2.29125,0.949341
2.26441,0.938206
2.23789,0.927202
2.21168,0.916327
2.18577,0.905581
2.16017,0.894962
2.13486,0.884467
2.10985,0.874097
2.08514,0.863848
2.06071,0.85372
2.03657,0.843711
2.01272,0.83382
1.98914,0.824045
1.96584,0.814385
1.94281,0.804838
1.92005,0.795404
1.89755,0.786081
1.87533,0.776867
1.85336,0.767762
1.83164,0.758763
1.81019,0.74987
1.78898,0.741082
1.76802,0.732396
1.74731,0.723813
1.72684,0.71533
1.70661,0.706947
1.68662,0.698663
1.66686,0.690475
1.64733,0.682384
1.62803,0.674388
1.60896,0.666485
1.59011,0.658675
1.57148,0.650957
1.55307,0.643329
1.53487,0.63579
1.51689,0.628341
1.49912,0.620978
1.48156,0.613702
1.4642,0.606511
1.44705,0.599404
1.43009,0.592381
1.41334,0.58544
1.39678,0.57858
1.38042,0.571801
1.36425,0.565101
1.34826,0.55848
1.33247,0.551937
1.31686,0.54547
1.30143,0.539079
1.28618,0.532763
1.27111,0.526521
1.25622,0.520352
1.2415,0.514255
1.22696,0.50823
1.21259,0.502275
1.19838,0.49639
1.18434,0.490575
1.17046,0.484827
1.15675,0.479147
1.1432,0.473533
1.12981,0.467985
1.11657,0.462502
1.10349,0.457083
1.09056,0.451728
1.07778,0.446435
1.06516,0.441205
1.05268,0.436036
1.04034,0.430927
1.02816,0.425878
1.01611,0.420889
1.00421,0.415958
0.992441,0.411084
0.980814,0.406268
0.969323,0.401508
0.957967,0.396804
0.946743,0.392155
0.935652,0.387561
0.92469,0.38302
0.913856,0.378533
0.90315,0.374098
0.892569,0.369715
0.882112,0.365384
0.871777,0.361103
0.861564,0.356872
0.85147,0.352691
0.841494,0.348559
0.831636,0.344475
0.821893,0.34044
0.812263,0.336451
0.802747,0.332509
0.793342,0.328614
0.784048,0.324764
0.774862,0.320959
0.765784,0.317199
0.756812,0.313482
0.747946,0.30981
0.739183,0.30618
0.730523,0.302593
0.721964,0.299048
0.713506,0.295544
0.705147,0.292082
0.696886,0.28866
0.688721,0.285278
0.680652,0.281936
0.672678,0.278632
0.664797,0.275368
0.657008,0.272142
0.649311,0.268954
0.641704,0.265803
0.634186,0.262688
0.626756,0.259611
0.619413,0.256569
0.612156,0.253563
0.604984,0.250593
0.597896,0.247657
0.590892,0.244755
0.583969,0.241888
0.577127,0.239054
0.570366,0.236253
0.563684,0.233485
0.55708,0.23075
0.550553,0.228047
0.544103,0.225375
0.537728,0.222734
0.531428,0.220125
0.525202,0.217546
0.519049,0.214997
0.512968,0.212478
0.506958,0.209989
0.501019,0.207529
0.495149,0.205098
0.489348,0.202695
0.483615,0.20032
0.477949,0.197973
0.47235,0.195654
0.466816,0.193361
0.461347,0.191096
0.455942,0.188857
0.4506,0.186645
0.445321,0.184458
0.440104,0.182297
0.434948,0.180161
0.429852,0.17805
0.424816,0.175964
0.419839,0.173903
0.41492,0.171866
0.410059,0.169852
0.405255,0.167862
0.400507,0.165895
0.395815,0.163952
0.391177,0.162031
0.386595,0.160133
0.382065,0.158257
0.377589,0.156403
0.373165,0.15457
0.368793,0.152759
0.364473,0.15097
0.360203,0.149201
0.355983,0.147453
0.351812,0.145725
0.34769,0.144018
0.343617,0.142331
0.339591,0.140663
0.335613,0.139015
0.331681,0.137387
0.327795,0.135777
0.323954,0.134186
0.320159,0.132614
0.316408,0.131061
0.312701,0.129525
0.309038,0.128008
0.305417,0.126508
0.301839,0.125026
0.298303,0.123561
0.294808,0.122113
0.291354,0.120683
0.287941,0.119269
0.284567,0.117872
0.281233,0.116491
0.277938,0.115126
0.274682,0.113777
0.271464,0.112444
0.268284,0.111127
0.26514,0.109825
0.262034,0.108538
0.258964,0.107266
0.25593,0.10601
0.252932,0.104768
0.249969,0.10354
0.24704,0.102327
