10,10
10,-30
-12.1912,25.4779
8.70685,-23.6893
-9.26588,20.5681
7.28539,-18.8047
-7.18883,16.5344
5.97234,-14.9727
-5.64751,13.2602
4.84211,-11.9424
-4.46958,10.6201
3.90185,-9.53494
-3.5526,8.49908
3.13342,-7.61717
-2.83078,6.79872
2.51147,-6.08711
-2.25884,5.4372
2.01076,-4.8653
-1.80393,4.34773
1.60888,-3.88914
-1.44131,3.47628
1.28687,-3.10903
-1.15188,2.77937
1.02909,-2.48548
-0.920719,2.22212
0.822861,-1.98703
-0.736009,1.77657
0.657915,-1.58856
-0.588383,1.42034
0.526014,-1.27001
-0.470381,1.13553
0.420547,-1.01534
-0.37605,0.907836
0.336223,-0.811735
-0.30064,0.725795
0.268805,-0.648962
-0.240353,0.580257
0.214904,-0.518829
-0.192156,0.463902
0.171811,-0.414791
-0.153624,0.370879
0.137359,-0.331616
-0.122818,0.296509
0.109816,-0.265119
-0.0981903,0.237052
0.0877952,-0.211956
-0.0785008,0.189518
0.0701902,-0.169454
-0.0627595,0.151515
0.0561154,-0.135475
-0.0501747,0.121133
0.044863,-0.108309
-0.0401135,0.0968426
0.0358669,-0.0865903
-0.0320698,0.0774234
0.0286747,-0.0692269
-0.0256391,0.0618982
0.0229248,-0.0553453
-0.0204978,0.0494861
0.0183278,-0.0442473
-0.0163875,0.039563
0.0146527,-0.0353746
-0.0131014,0.0316297
0.0117145,-0.0282812
