10,10
10,9.6
9.96026,7.73237
9.73894,6.41739
9.40897,5.47232
9.01789,4.77613
8.59651,4.24858
8.16457,3.83638
7.7346,3.50413
7.31434,3.22818
6.90841,2.99272
6.51942,2.7871
6.14864,2.60413
5.79652,2.43885
5.46296,2.28784
5.14754,2.14871
4.84963,2.0197
4.5685,1.89955
4.30336,1.78728
4.0534,1.68213
3.81784,1.58348
3.59587,1.49083
3.38675,1.40375
3.18976,1.32184
3.00419,1.24477
2.82941,1.17224
2.66478,1.10396
2.50973,1.03968
2.36369,0.979148
2.22615,0.92215
2.0966,0.868475
1.9746,0.817927
1.85969,0.770324
1.75147,0.725493
1.64955,0.683272
1.55356,0.643508
1.46315,0.60606
1.37801,0.57079
1.29781,0.537574
1.22229,0.50629
1.15116,0.476827
1.08417,0.449079
1.02108,0.422946
0.96166,0.398333
0.905698,0.375153
0.852992,0.353321
0.803354,0.33276
0.756604,0.313396
0.712575,0.295158
0.671108,0.277982
0.632054,0.261805
0.595272,0.24657
0.560632,0.232221
0.528007,0.218707
0.49728,0.20598
0.468342,0.193993
0.441087,0.182704
0.415419,0.172072
0.391244,0.162059
0.368477,0.152628
0.347034,0.143746
0.326839,0.135381
0.307819,0.127503
0.289906,0.120083
0.273035,0.113095
0.257146,0.106514
0.242182,0.100315
0.228089,0.0944775
0.214816,0.0889795
0.202315,0.0838015
0.190541,0.0789248
0.179453,0.0743319
0.16901,0.0700063
0.159175,0.0659324
0.149912,0.0620956
0.141188,0.058482
0.132972,0.0550788
0.125234,0.0518736
0.117946,0.0488549
0.111082,0.0460118
0.104618,0.0433342
